0000000000000000000000000000000000000000000000000000000000000011
0000000000000000000000000000000000000000000000000000000000000010
0000000000000000000000000000000000000000000000000000000000000010
0000000000000000000000000000000000000000000000000000000000000001
0000000000000000000000000000000000000000000000000000000000000011
0000000000000000000000000000000000000000000000000000000000000010
0000000000000000000000000000000000000000000000000000000000000101
0000000000000000000000000000000000000000000000000000000000000011
0000000000000000000000000000000000000000000000000000000000001000
0000000000000000000000000000000000000000000000000000000000011001
0000000000000000000000000000000000000000000000000000000000011001
0000000000000000000000000000000000000000000000000000000000011001
0000000000000000000000000000000000000000000000000000000000011001
0000000000000000000000000000000000000000000000000000000000011001
0000000000000000000000000000000000000000000000000000000000011001
0000000000000000000000000000000000000000000000000000000000011001
0000000000000000000000000000000000000000000000000000000000000011
0000000000000000000000000000000000000000000000000000000000000101
0000000000000000000000000000000000000000000000000000000000011001
0000000000000000000000000000000000000000000000000000000000011001
0000000000000000000000000000000000000000000000000000000000011001
0000000000000000000000000000000000000000000000000000000000011001
0000000000000000000000000000000000000000000000000000000000101101
0000000000000000000000000000000000000000000000000000000000011001
0000000000000000000000000000000000000000000000000000000000100001
0000000000000000000000000000000000000000000000000000000001000000
0000000000000000000000000000000000000000000000000000000000101110
0000000000000000000000000000000000000000000000000000000001000010
0000000000000000000000000000000000000000000000000000000001011001
0000000000000000000000000000000000000000000000000000000001011000
0000000000000000000000000000000000000000000000000000000001011000
0000000000000000000000000000000000000000000000000000000001100011
0000000000000000000000000000000000000000000000000000000000101100
