00000000000000000000000000001000
00000000000000000000000000001100
00111110000000100011111000000001
00111111000000010100000000000001
00111110000000100011111000000001
00111110000000010000000110000001
00111110000000100011110000000001
00111110000000100000001010000001
00111011000000100000001000000001
00111011000000100000001000000001
00111011000000100000001010000001
00111011000000100000001000000001
00111011000000100000001000000001
00111011000000100000001010000001
00111110000000100011110100000001
00000001100000010011101100000010
00000010000000010011101100000010
00000010100000010011101100000010
00000010000000010011101100000010
00000010100000010011101000000001
00000001000000100000000100000001
00111011000000100000001000000001
00111010000000010000010010000001
00111001000000010100000000000001
00000001000000111000000100111001
00000001000001000000000100111010
00000001000000010000001000000010
10000001001110010000000100000001
00000010001111000000000100000001
00000010100000110011100100000010
00000011000000100011101000000001
00000001000000101000001000000000
